Display "Card back" "Screen" "rgbsingle"
Format 1000 1000

ObjectBegin "Magic"
PolySet "P"
84 
6
0.0 26.0 0
0.0 24.0 0
2.0 24.0 0
12.0 0.0 0
18.0 0.0 0
26.0 17.0 0
36.0 0.0 0
42.0 0.0 0
52.0 24.0 0
54.0 24.0 0
54.0 26.0 0
46.0 26.0 0
46.0 24.0 0
48.0 24.0 0
39.0 2.0 0
28.0 21.0 0
30.0 24.0 0
26.0 28.0 0
15.0 3.0 0
4.0 24.0 0
6.0 24.0 0
6.0 26.0 0

# move A -4 in x
58 18 0
64 4 0
66 6 0
63 11 0
70 10 0
60 18 0

63 0 0
70 7 0
74 18 0
80 18 0
68 0 0

84 6 0
90 0 0
96 0 0
99 3 0
102 2 0
101 6 0
94 2 0
92 2 0
88 6 0
88 14 0
90 16 0
94 16 0
100 13 0
98 10 0
102 10 0
102 18 0
100 22 0
100 16 0
96 18 0
90 18 0
86 16 0
84 10 0


106 0 0
119 0 0 
117 1 0
113 4 0
113 14 0
116 17 0
112 16 0
110 16 0
106 18 0
110 15 0
110 4 0   


122 8 0
128 1 0
134 1 0
136 0 0
138 0 0
136 8 0
136 3 0
130 3 0
126 6 0
126 14 0
130 16 0
134 16 0
#138 14 0
144 14 0
134 18 0
128 18 0
125 16 0
123 13 0
122 12 0


0 1 2 3 4 5 6 7 8 9 10 11 12 13 14 15 16 17 18 19 20 21 -1
22 23 24 25 26 27 -1
28 29 30 31 32 -1
33 34 35 36 37 38 39 40 41 42 43 44 45 46 47 48 49 50 51 52 53 54 -1
55 56 57 58 59 60 61 62 63 64 65 -1
66 67 68 69 70 71 72 73 74 75 76 77 78 79 80 81 82 83 -1


ObjectEnd

CameraEye 0 -5 -5
CameraAt 0 0 -1
CameraUp 0 1 0


FrameBegin 1
WorldBegin
#XformPush
#Scale -0.03 -0.05 -1  #.03 -.05 -1 
#Translate -50 0 0
#ObjectInstance "Magic"
#XformPop

#Translate -5 0 0
Disk 0 2 30


Point 450 625 0
Point 535 571 0
Point 623 606 0
Point 639 596 0

Color .5 .5 1
#Fill 444 629 0
#Fill 533 591 0
#Fill 561 604 0
#Fill 610 602 0
#Fill 643 596 0
#Fill 667 584 0






WorldEnd
FrameEnd
